Particle Main
-44.0102 -44.8528 33.8783
0
-1.66351 -24.8576 -34.6906
0
-17.4331 -42.5434 -24.6295
0
26.4719 38.1109 -31.2579
0
-1.48854 -34.6641 32.2526
0
18.9181 -21.9649 -8.48335
0
27.4595 -11.9653 -15.7915
0
37.0644 20.8538 -4.25433
0
31.9514 -34.7668 44.6688
0
-47.6265 12.3304 -41.2135
0
-26.2511 18.6364 8.35388
0
-12.6429 18.7115 47.171
0
1.95206 31.3386 -30.3854
0
-18.1147 29.2877 4.00404
0
-18.5984 26.5841 -9.83936
0
29.3338 -43.2368 -36.3147
0
20.6014 11.1668 18.9499
0
9.09959 -25.4108 32.7364
0
14.155 -47.067 -22.2846
0
-4.30692 -7.82328 14.2724
0
3.04564 48.0821 27.4202
0
45.6805 -42.4672 -10.1051
0
3.06159 -35.6124 -22.6562
0
5.27385 2.41537 2.78463
0
-25.6942 -38.5955 -42.5472
0
-43.0114 -44.0742 34.3486
1
-2.32851 -25.3326 -34.9461
1
-18.0241 -42.1407 -23.7335
1
27.123 37.6574 -30.4879
1
-1.8216 -33.9274 31.8634
1
19.8166 -22.2703 -8.51268
1
27.0285 -11.0238 -15.6849
1
37.1917 20.4368 -4.06249
1
33.1133 -34.5482 43.8169
1
-47.8317 11.5219 -41.1876
1
-25.1559 18.8109 8.04689
1
-12.255 18.7711 47.4297
1
1.32991 29.6761 -29.6956
1
-18.3206 27.7105 3.79918
1
-18.8487 26.1239 -9.98617
1
28.9119 -44.23 -36.9001
1
21.8515 11.6608 18.5915
1
9.53178 -25.3382 33.8332
1
14.0054 -46.7316 -21.9072
1
-4.3145 -8.93047 14.2631
1
2.82988 48.2288 27.493
1
47.0171 -42.1079 -10.1178
1
3.12502 -36.3028 -22.0488
1
4.67164 3.06812 3.97599
1
-26.3503 -39.4696 -43.7628
1
-42.0126 -43.2957 35.6979
2
-2.99351 -25.8076 -35.1925
2
-18.615 -41.7381 -22.8133
2
28.0933 37.2039 -29.7179
2
-2.15466 -33.1907 31.9691
2
21.6281 -22.5757 -8.542
2
26.0668 -10.0823 -15.5784
2
37.7914 20.0197 -3.87064
2
35.1399 -34.3296 42.965
2
-47.7093 10.4238 -40.9486
2
-23.6848 19.7422 7.99212
2
-11.8671 18.8958 47.6883
2
0.421048 27.1139 -28.728
2
-18.5691 25.2761 2.7957
2
-18.965 24.813 -10.7986
2
28.7624 -45.2233 -37.4855
2
23.3703 12.1548 18.2331
2
9.96398 -25.2656 35.5768
2
12.954 -46.3963 -21.5297
2
-4.32208 -10.1545 14.2539
2
2.61412 47.9899 27.5658
2
48.9373 -41.7486 -10.1305
2
3.18846 -36.9932 -21.5746
2
4.042 4.64901 5.95567
2
-27.0063 -40.3437 -45.2698
2
-41.0139 -42.5172 37.9261
3
-3.6585 -26.2826 -35.4298
3
-19.206 -41.3355 -21.869
3
29.3829 36.7503 -28.9479
3
-2.48771 -32.4541 32.5696
3
24.3527 -22.8811 -8.57133
3
24.5744 -9.14081 -15.4718
3
38.8635 19.6027 -3.6788
3
38.0312 -34.111 42.1131
3
-47.2594 9.0361 -40.4964
3
-21.8378 21.4303 8.18956
3
-11.4792 19.0859 47.9469
3
-0.774531 23.6521 -27.4826
3
-18.8601 21.9846 0.993614
3
-18.9474 22.6513 -12.2766
3
28.8851 -46.2165 -38.0709
3
25.1578 12.6489 17.8746
3
10.3962 -25.1931 37.9672
3
11.0008 -46.0609 -21.1523
3
-4.32966 -11.3786 14.0066
3
2.39836 47.3653 27.6386
3
51.4413 -41.3894 -10.1433
3
3.2519 -37.6836 -21.2335
3
3.38493 7.15803 8.72368
3
-27.6624 -41.2179 -47.0684
3
-40.0151 -41.7387 41.0332
4
-4.3235 -26.7575 -35.6579
4
-19.7969 -40.9329 -20.9007
4
30.9919 36.2968 -28.1779
4
-2.82077 -31.7174 33.6648
4
27.9904 -23.1865 -8.60065
4
22.5513 -8.19931 -15.3653
4
40.4081 19.1857 -3.48695
4
41.7871 -33.8924 41.2611
4
-46.4819 7.35871 -39.831
4
-19.615 23.8753 8.63921
4
-11.0914 19.3411 48.2055
4
-2.25683 19.2908 -25.9595
4
-19.1936 17.836 -1.60709
4
-18.7959 19.6388 -14.4201
4
29.2802 -47.2097 -38.6563
4
27.2139 13.1429 17.5162
4
11.5306 -25.1205 40.3576
4
8.14594 -45.7256 -20.7749
4
-4.33724 -12.6026 13.5213
4
2.1826 46.355 27.7114
4
54.5291 -41.0301 -10.156
4
3.31533 -38.374 -21.0256
4
2.70043 10.5952 12.28
4
-28.3184 -42.092 -49.1585
4
-39.0164 -40.9602 45.0193
5
-4.98849 -27.2325 -35.8769
5
-20.3878 -40.5303 -19.9081
5
32.9201 35.8433 -27.4079
5
-3.15383 -30.9807 35.2549
5
32.5413 -23.4918 -8.62998
5
19.9976 -7.25781 -15.2588
5
42.4252 18.7687 -3.29511
5
46.4078 -33.6737 40.4092
5
-45.3769 5.39167 -38.9525
5
-17.0163 27.077 9.34107
5
-10.7035 19.6615 48.4642
5
-4.02584 14.0299 -24.1587
5
-19.5696 12.8302 -5.00641
5
-18.5104 15.7756 -17.2293
5
29.9475 -48.2029 -39.2417
5
29.5387 13.6369 17.1578
5
13.3672 -25.0479 42.7479
5
5.29106 -45.3903 -20.4902
5
-4.34481 -13.8267 12.798
5
1.96684 44.9591 27.7843
5
58.2005 -40.6708 -10.1687
5
3.37877 -39.0644 -20.9508
5
2.01593 14.0049 15.8364
5
-28.9745 -42.9661 -51.5401
5
-38.0176 -40.1816 49.8843
6
-5.65349 -27.7075 -36.0867
6
-20.9788 -40.1277 -18.8915
6
35.1675 35.3897 -26.6378
6
-3.48689 -30.244 37.3398
6
38.0051 -23.7972 -8.6593
6
16.9131 -6.31631 -15.1522
6
44.9146 18.3517 -3.10326
6
51.8932 -33.4551 39.5573
6
-43.9442 3.13498 -37.8609
6
-14.0418 31.0356 10.2952
6
-10.3156 20.0472 48.7228
6
-6.08157 7.8694 -22.0801
6
-19.9882 6.96732 -9.20435
6
-18.091 11.0615 -20.704
6
30.8872 -49.1961 -39.8271
6
32.1322 14.1309 16.7993
6
15.9061 -24.9753 45.1383
6
2.43619 -45.0549 -20.2982
6
-4.35239 -15.0507 11.8366
6
1.75109 43.1775 27.8571
6
62.4557 -40.3116 -10.1815
6
3.44221 -39.7548 -21.0092
6
1.33144 17.3872 19.3927
6
-29.6305 -43.8402 -54.2133
6
-37.0188 -39.4031 55.6282
7
-6.31849 -28.1825 -36.2874
7
-21.5697 -39.7251 -17.8507
7
37.7343 34.9362 -25.8678
7
-3.81994 -29.5073 39.9194
7
44.3821 -24.1026 -8.68862
7
13.298 -5.3748 -15.0457
7
47.8766 17.9347 -2.91142
7
58.2433 -33.2365 38.7054
7
-42.184 0.588649 -36.556
7
-11.0672 35.3701 11.2492
7
-9.92778 20.498 48.9814
7
-8.42401 0.809327 -19.7237
7
-20.4494 0.24731 -14.2009
7
-17.5377 5.49674 -24.8443
7
32.0992 -50.1893 -40.4125
7
34.9944 14.6249 16.4409
7
19.1472 -24.9027 47.5286
7
-0.418685 -44.7196 -20.1989
7
-4.35997 -16.2748 10.6372
7
1.53533 41.0102 27.9299
7
67.2946 -39.9523 -10.1942
7
3.50564 -40.4453 -21.2008
7
0.64694 20.7421 22.949
7
-30.2866 -44.7144 -57.1779
7
-36.0201 -38.6246 62.251
8
-6.98348 -28.6575 -36.4789
8
-22.1607 -39.3225 -16.7858
8
40.6204 34.4827 -25.0978
8
-4.153 -28.7706 42.9939
8
51.6722 -24.408 -8.71795
8
9.15225 -4.4333 -14.9391
8
51.3109 17.5177 -2.71958
8
65.458 -33.0179 37.8535
8
-40.0963 -2.24733 -35.038
8
-8.09266 40.0804 12.2033
8
-9.53991 21.0141 49.24
8
-11.0532 -7.15032 -17.0896
8
-20.953 -7.32983 -19.9961
8
-16.8505 -0.918825 -29.6502
8
33.5836 -51.1826 -40.9979
8
38.1252 15.119 16.0825
8
23.0905 -24.8302 49.919
8
-3.27356 -44.3842 -20.1923
8
-4.36755 -17.4989 9.19982
8
1.31957 38.4573 28.0027
8
72.7173 -39.5931 -10.2069
8
3.56908 -41.1357 -21.5256
8
-0.0375575 24.0695 26.5054
8
-30.9426 -45.5885 -60.4341
8
-35.0213 -37.8461 69.7528
9
-7.64848 -29.1325 -36.6614
9
-22.7516 -38.9199 -15.6967
9
43.8257 34.0291 -24.3278
9
-4.48606 -28.0339 46.5632
9
59.8753 -24.7134 -8.74727
9
4.85523 -2.84975 -15.3633
9
55.2177 17.1007 -2.52773
9
73.5375 -32.7993 37.0015
9
-37.681 -5.37296 -33.3069
9
-5.1181 45.1666 13.1574
9
-9.15204 21.5954 49.4987
9
-13.9691 -16.0095 -14.1777
9
-21.4992 -15.7641 -26.5899
9
-16.0293 -8.18516 -35.1217
9
35.3402 -52.1758 -41.5833
9
41.5247 15.613 15.724
9
27.7361 -24.7576 52.3094
9
-6.12843 -44.0489 -20.2785
9
-4.37513 -18.7229 7.52439
9
1.10381 35.5187 28.0755
9
78.7237 -39.2338 -10.2196
9
3.63252 -41.8261 -21.9835
9
-0.722055 27.3696 30.0617
9
-31.5987 -46.4626 -63.9818
9
-34.0225 -37.0675 78.1335
10
-8.31347 -29.6075 -36.8346
10
-23.3426 -38.5172 -14.5836
10
47.3503 33.5756 -23.5578
10
-4.81912 -27.2973 50.6273
10
68.9916 -25.0188 -8.7766
10
0.406958 -0.624157 -16.3181
10
59.5969 16.6837 -2.33589
10
82.4816 -32.5807 36.1496
10
-34.9381 -8.78824 -31.3626
10
-2.14355 50.6286 14.1115
10
-8.76417 22.2419 49.7573
10
-16.8849 -24.8688 -10.3662
10
-22.0454 -24.1984 -32.3265
10
-15.0742 -16.3023 -41.2588
10
37.3691 -53.169 -42.1687
10
45.1929 16.107 15.3656
10
33.0839 -24.685 54.6997
10
-8.98331 -43.7135 -20.4573
10
-4.38271 -19.947 5.61093
10
0.888054 32.1945 28.1483
10
85.3139 -38.8745 -10.2324
10
3.69595 -42.5165 -22.5746
10
-1.40655 30.6422 33.618
10
-32.2547 -47.3367 -67.821
10
-33.0238 -36.289 87.3932
11
-8.97847 -30.0825 -36.9988
11
-23.9335 -38.1146 -13.4463
11
51.1942 33.1221 -22.7878
11
-5.15218 -26.5606 55.1862
11
79.0209 -25.3242 -8.80592
11
-4.19256 2.24349 -17.8036
11
64.4486 16.2667 -2.14404
11
92.2905 -32.3621 35.2977
11
-31.8676 -12.4932 -29.2051
11
0.831005 56.4665 15.0655
11
-8.37631 22.9536 50.0159
11
-19.8008 -33.728 -5.65521
11
-22.5916 -32.6326 -37.206
11
-14.1191 -24.4194 -46.5451
11
39.6704 -54.1622 -42.7541
11
49.1297 16.601 15.0072
11
39.1339 -24.6124 57.0901
11
-11.8382 -43.3782 -20.7289
11
-4.39029 -21.171 3.45945
11
0.672296 28.4846 28.2212
11
92.4877 -38.5153 -10.2451
11
3.75939 -43.2069 -23.2988
11
-2.09105 33.8873 37.1744
11
-32.9108 -48.2109 -71.9517
11
-32.025 -35.5105 97.5317
12
-9.64347 -30.5575 -37.1538
12
-24.5244 -37.712 -12.2849
12
55.3574 32.6685 -22.0178
12
-5.48523 -25.8239 60.2399
12
89.9633 -25.6296 -8.83525
12
-8.94333 5.75318 -19.8197
12
69.7727 15.8497 -1.9522
12
102.964 -32.1435 34.4458
12
-28.7972 -16.1981 -26.758
12
3.80556 62.6803 16.0196
12
-7.98844 23.7305 50.2745
12
-22.7167 -42.5872 -0.0446005
12
-23.1378 -41.0669 -41.2284
12
-13.164 -32.5365 -50.9806
12
42.244 -55.1554 -43.3395
12
53.3352 17.095 14.6487
12
45.8861 -24.5399 59.4804
12
-14.6931 -43.0429 -21.0932
12
-4.39786 -22.3951 1.06994
12
0.456538 24.389 28.294
12
100.245 -38.156 -10.2578
12
3.82283 -43.8973 -24.1562
12
-2.77555 37.105 40.7307
12
-33.5668 -49.085 -76.374
12
-31.0262 -34.732 108.549
13
-10.3085 -31.0325 -37.2996
13
-25.1154 -37.3094 -11.0993
13
59.8399 32.215 -21.2478
13
-5.81829 -25.0872 65.7884
13
101.819 -25.935 -8.86457
13
-13.8453 9.90492 -22.3666
13
75.5692 15.4327 -1.76035
13
114.502 -31.9248 33.5938
13
-25.7267 -19.903 -24.0212
13
6.78011 69.27 16.9737
13
-7.60057 24.5727 50.5332
13
-25.6326 -51.4464 6.46559
13
-23.684 -49.5012 -44.3937
13
-12.2089 -40.6536 -54.5653
13
45.0899 -56.1486 -43.9249
13
57.8094 17.5891 14.2903
13
53.3406 -24.4673 61.8708
13
-17.5479 -42.7075 -21.5502
13
-4.40544 -23.6191 -1.5576
13
0.24078 19.9077 28.3668
13
108.587 -37.7968 -10.2706
13
3.88626 -44.5877 -25.1468
13
-3.46004 40.2953 44.287
13
-34.2229 -49.9591 -81.0878
13
-30.0275 -33.9535 120.446
14
-10.9735 -31.5075 -37.4363
14
-25.7063 -36.9068 -9.88962
14
64.6416 31.7615 -20.4778
14
-6.15135 -24.3505 71.8317
14
114.587 -26.2404 -8.8939
14
-18.8986 14.6987 -25.4441
14
81.8382 15.0157 -1.56851
14
126.905 -31.7062 32.7419
14
-22.6563 -23.6079 -20.9948
14
9.75467 76.2355 17.9278
14
-7.2127 25.4801 50.7918
14
-28.5484 -60.3057 13.8754
14
-24.2302 -57.9354 -46.7019
14
-11.2538 -48.7707 -57.2993
14
48.2081 -57.1419 -44.5103
14
62.5523 18.0831 13.9319
14
61.4973 -24.3947 64.2611
14
-20.4028 -42.3722 -22.0999
14
-4.41302 -24.8432 -4.42316
14
0.025022 15.0408 28.4396
14
117.512 -37.4375 -10.2833
14
3.9497 -45.2781 -26.2706
14
-4.14454 43.4582 47.8434
14
-34.8789 -50.8333 -86.093
14
-29.0287 -33.1749 133.221
15
-11.6385 -31.9825 -37.5639
15
-26.2973 -36.5042 -8.65581
15
69.7627 31.3079 -19.7078
15
-6.48441 -23.6138 78.3698
15
128.269 -26.5458 -8.92322
15
-24.1031 20.1346 -29.0523
15
88.5796 14.5986 -1.37667
15
140.173 -31.4876 31.89
15
-19.5858 -27.3129 -17.6787
15
12.7292 83.5769 18.8819
15
-6.82483 26.4526 51.0504
15
-31.4643 -69.1649 22.1847
15
-24.7764 -66.3697 -48.1529
15
-10.2987 -56.8878 -59.1825
15
51.5986 -58.1351 -45.0957
15
67.5638 18.5771 13.5734
15
70.3562 -24.3221 66.6515
15
-23.2577 -42.0368 -22.7423
15
-4.4206 -26.0672 -7.52674
15
-0.190736 9.78826 28.5124
15
127.021 -37.0782 -10.296
15
4.01314 -45.9685 -27.5275
15
-4.82904 46.5937 51.3997
15
-35.535 -51.7074 -91.3898
15
-28.03 -32.3964 146.875
16
-12.3035 -32.4575 -37.6823
16
-26.8882 -36.1016 -7.39787
16
75.203 30.8544 -18.9378
16
-6.81746 -22.8771 85.4027
16
142.864 -26.8511 -8.95255
16
-29.4589 26.2124 -33.1911
16
95.7934 14.1816 -1.18482
16
154.305 -31.269 31.0381
16
-16.5154 -31.0178 -14.073
16
15.956 90.9183 19.8359
16
-6.43697 27.4904 51.309
16
-34.3802 -78.0241 31.3936
16
-25.3226 -74.804 -48.7468
16
-9.34357 -65.0049 -60.215
16
55.2614 -59.1283 -45.6811
16
72.844 19.0711 13.215
16
79.9173 -24.2495 69.0419
16
-26.1126 -41.7015 -23.4774
16
-4.42818 -27.2913 -10.8684
16
-0.406494 4.15002 28.5852
16
137.113 -36.719 -10.3088
16
4.07657 -46.659 -28.9176
16
-5.51354 49.7017 54.9561
16
-36.191 -52.5815 -96.9781
16
-27.0312 -31.6179 161.409
17
-12.9684 -32.9325 -37.7916
17
-27.4792 -35.699 -6.11581
17
80.9626 30.4009 -18.1678
17
-7.15052 -22.1405 92.9304
17
0 0 0
0
-34.9659 32.9324 -37.8607
17
103.48 13.7646 -0.992978
17
169.302 -31.0504 30.1862
17
-13.4449 -34.7227 -10.1776
17
19.435 98.2596 20.79
17
-6.0491 28.5934 51.5677
17
-37.2961 -86.8833 41.5021
17
-25.8688 -83.2382 -48.4835
17
-8.38846 -73.122 -60.3966
17
59.1966 -60.1215 -46.2665
17
78.3929 19.5651 12.8565
17
90.1807 -24.177 71.4322
17
-28.9674 -41.3661 -24.3053
17
-4.43576 -28.5153 -14.448
17
-0.622252 -1.87387 28.658
17
147.789 -36.3597 -10.3215
17
4.14001 -47.3494 -30.4409
17
-6.19803 52.7823 58.5124
17
-36.8471 -53.4556 -102.858
17
-26.0324 -30.8394 176.821
18
-13.6334 -33.4075 -37.8918
18
-28.0701 -35.2964 -4.80961
18
87.0415 29.9473 -17.3978
18
-7.48358 -21.4038 100.953
18
15.8113 0.0695313 0.883761
1
0 0 0
0
111.638 13.3476 -0.801134
18
185.164 -30.8318 29.3342
18
-10.3745 -38.4276 -5.99264
18
23.1662 105.601 21.7441
18
-5.66123 29.7617 51.8263
18
-40.212 -95.7426 52.5102
18
-26.415 -91.6725 -47.3632
18
-7.43336 -81.2391 -59.7275
18
63.404 -61.1147 -46.8519
18
84.2104 20.0592 12.4981
18
101.146 -24.1044 73.8226
18
-31.8223 -41.0308 -25.2259
18
-4.44333 -29.7394 -18.2657
18
-0.83801 -8.28343 28.7309
18
159.049 -36.0005 -10.3342
18
4.20345 -48.0398 -32.0973
18
-6.88253 55.8354 62.0687
18
-37.5031 -54.3298 -109.029
18
-25.0337 -30.0608 193.112
19
-14.2984 -33.8825 -37.9828
19
-28.661 -34.8937 -3.47929
19
93.4396 29.4938 -16.6278
19
-7.81664 -20.6671 109.47
19
32.5356 0.139063 1.76752
2
-5.80951 8.00403 -5.7309
1
120.27 12.9306 -0.60929
19
201.89 -30.6132 28.4823
19
-7.304 -42.1326 -1.51798
19
27.1496 112.942 22.6982
19
-5.27336 30.9951 52.0849
19
-43.1278 -104.602 64.4179
19
-26.9611 -100.107 -45.3857
19
-6.47826 -89.3562 -58.2077
19
67.8838 -62.108 -47.4373
19
90.2966 20.5532 12.1397
19
112.814 -24.0318 76.2129
19
-34.6772 -40.6955 -26.2391
19
-4.45091 -30.9635 -22.3213
19
-1.05377 -15.0787 28.8037
19
170.893 -35.6412 -10.3469
19
4.26688 -48.7302 -33.8869
19
-7.56703 58.8612 65.6251
19
-38.1592 -55.2039 -115.492
19
